nSommets 15
oriente 0
value 1
complet 1
debutDefAretes
0 1 4
0 2 5
0 3 2
0 4 7
0 5 4
0 6 3
0 7 4
0 8 3
0 9 2
0 10 4
0 11 4
0 12 4
0 13 8
0 14 5
1 2 2
1 3 3
1 4 3
1 5 2
1 6 4
1 7 5
1 8 9
1 9 3
1 10 7
1 11 3
1 12 7
1 13 3
1 14 9
2 3 5
2 4 6
2 5 1
2 6 8
2 7 3
2 8 5
2 9 3
2 10 7
2 11 3
2 12 3
2 13 7
2 14 8
3 4 3
3 5 2
3 6 9
3 7 3
3 8 2
3 9 4
3 10 4
3 11 4
3 12 3
3 13 8
3 14 2
4 5 3
4 6 8
4 7 3
4 8 1
4 9 2
4 10 3
4 11 3
4 12 3
4 13 5
4 14 5
5 6 4
5 7 9
5 8 8
5 9 4
5 10 4
5 11 8
5 12 4
5 13 6
5 14 8
6 7 8
6 8 7
6 9 2
6 10 3
6 11 8
6 12 8
6 13 2
6 14 3
7 8 3
7 9 1
7 10 2
7 11 2
7 12 9
7 13 8
7 14 2
8 9 3
8 10 4
8 11 1
8 12 4
8 13 9
8 14 8
9 10 4
9 11 8
9 12 7
9 13 2
9 14 2
10 11 8
10 12 7
10 13 4
10 14 7
11 12 8
11 13 4
11 14 2
12 13 4
12 14 6
13 14 1
finDefAretes
